Clebsch-Gordan series:
(1,1) x (1,1) = (0,0) + (0,3) + 2x(1,1) + (2,2) + (3,0)

Clebsch-Gordan coefficients for (1,1) x (1,1) -> (0,0), degeneracy 1:
000,100,212,sqrt(1/8),00,1,1
000,101,211,-sqrt(1/8),00,1,1
000,111,111,-sqrt(1/8),00,1,1
000,200,202,sqrt(1/8),00,1,1
000,201,201,-sqrt(1/8),00,1,1
000,202,200,sqrt(1/8),00,1,1
000,211,101,-sqrt(1/8),00,1,1
000,212,100,sqrt(1/8),00,1,1

Clebsch-Gordan coefficients for (1,1) x (1,1) -> (0,3), degeneracy 1:
300,100,200,-sqrt(1/2),03,1,1
301,100,201,-sqrt(1/3),03,1,1
301,101,200,-sqrt(1/6),03,1,1
302,100,202,-sqrt(1/6),03,1,1
302,101,201,-sqrt(1/3),03,1,1
303,101,202,-sqrt(1/2),03,1,1
300,200,100,sqrt(1/2),03,1,1
301,200,101,sqrt(1/6),03,1,1
301,201,100,sqrt(1/3),03,1,1
302,201,101,sqrt(1/3),03,1,1
302,202,100,sqrt(1/6),03,1,1
303,202,101,sqrt(1/2),03,1,1
311,100,211,-sqrt(1/6),03,1,1
312,100,212,-sqrt(1/12),03,1,1
312,101,211,-sqrt(1/12),03,1,1
313,101,212,-sqrt(1/6),03,1,1
311,111,200,-sqrt(1/4),03,1,1
312,111,201,-sqrt(1/4),03,1,1
313,111,202,-sqrt(1/4),03,1,1
311,200,111,sqrt(1/4),03,1,1
312,201,111,sqrt(1/4),03,1,1
313,202,111,sqrt(1/4),03,1,1
311,200,201,sqrt(1/12),03,1,1
311,201,200,-sqrt(1/12),03,1,1
312,200,202,sqrt(1/12),03,1,1
312,201,201,sqrt(0),03,1,1
312,202,200,-sqrt(1/12),03,1,1
313,201,202,sqrt(1/12),03,1,1
313,202,201,-sqrt(1/12),03,1,1
311,211,100,sqrt(1/6),03,1,1
312,211,101,sqrt(1/12),03,1,1
312,212,100,sqrt(1/12),03,1,1
313,212,101,sqrt(1/6),03,1,1
322,111,211,-sqrt(1/4),03,1,1
323,111,212,-sqrt(1/4),03,1,1
322,200,212,sqrt(1/6),03,1,1
322,201,211,-sqrt(1/12),03,1,1
323,201,212,sqrt(1/12),03,1,1
323,202,211,-sqrt(1/6),03,1,1
322,211,111,sqrt(1/4),03,1,1
323,212,111,sqrt(1/4),03,1,1
322,211,201,sqrt(1/12),03,1,1
322,212,200,-sqrt(1/6),03,1,1
323,211,202,sqrt(1/6),03,1,1
323,212,201,-sqrt(1/12),03,1,1
333,211,212,sqrt(1/2),03,1,1
333,212,211,-sqrt(1/2),03,1,1

Clebsch-Gordan coefficients for (1,1) x (1,1) -> (1,1), degeneracy 2:
  Degenerate rep 1/2:
100,100,111,-sqrt(1/4),11,1,2
101,101,111,-sqrt(1/4),11,1,2
100,100,201,-sqrt(1/12),11,1,2
100,101,200,sqrt(1/6),11,1,2
101,100,202,-sqrt(1/6),11,1,2
101,101,201,sqrt(1/12),11,1,2
100,111,100,sqrt(1/4),11,1,2
101,111,101,sqrt(1/4),11,1,2
100,200,101,-sqrt(1/6),11,1,2
100,201,100,sqrt(1/12),11,1,2
101,201,101,-sqrt(1/12),11,1,2
101,202,100,sqrt(1/6),11,1,2
111,100,212,-sqrt(1/4),11,1,2
111,101,211,sqrt(1/4),11,1,2
111,111,111,sqrt(0),11,1,2
111,200,202,sqrt(0),11,1,2
111,201,201,sqrt(0),11,1,2
111,202,200,sqrt(0),11,1,2
111,211,101,-sqrt(1/4),11,1,2
111,212,100,sqrt(1/4),11,1,2
200,100,211,-sqrt(1/6),11,1,2
201,100,212,-sqrt(1/12),11,1,2
201,101,211,-sqrt(1/12),11,1,2
202,101,212,-sqrt(1/6),11,1,2
200,111,200,sqrt(0),11,1,2
201,111,201,sqrt(0),11,1,2
202,111,202,sqrt(0),11,1,2
200,200,111,sqrt(0),11,1,2
201,201,111,sqrt(0),11,1,2
202,202,111,sqrt(0),11,1,2
200,200,201,-sqrt(1/3),11,1,2
200,201,200,sqrt(1/3),11,1,2
201,200,202,-sqrt(1/3),11,1,2
201,201,201,sqrt(0),11,1,2
201,202,200,sqrt(1/3),11,1,2
202,201,202,-sqrt(1/3),11,1,2
202,202,201,sqrt(1/3),11,1,2
200,211,100,sqrt(1/6),11,1,2
201,211,101,sqrt(1/12),11,1,2
201,212,100,sqrt(1/12),11,1,2
202,212,101,sqrt(1/6),11,1,2
211,111,211,-sqrt(1/4),11,1,2
212,111,212,-sqrt(1/4),11,1,2
211,200,212,-sqrt(1/6),11,1,2
211,201,211,sqrt(1/12),11,1,2
212,201,212,-sqrt(1/12),11,1,2
212,202,211,sqrt(1/6),11,1,2
211,211,111,sqrt(1/4),11,1,2
212,212,111,sqrt(1/4),11,1,2
211,211,201,-sqrt(1/12),11,1,2
211,212,200,sqrt(1/6),11,1,2
212,211,202,-sqrt(1/6),11,1,2
212,212,201,sqrt(1/12),11,1,2

  Degenerate rep 2/2:
100,100,111,-sqrt(1/20),11,2,2
101,101,111,-sqrt(1/20),11,2,2
100,100,201,sqrt(3/20),11,2,2
100,101,200,-sqrt(3/10),11,2,2
101,100,202,sqrt(3/10),11,2,2
101,101,201,-sqrt(3/20),11,2,2
100,111,100,-sqrt(1/20),11,2,2
101,111,101,-sqrt(1/20),11,2,2
100,200,101,-sqrt(3/10),11,2,2
100,201,100,sqrt(3/20),11,2,2
101,201,101,-sqrt(3/20),11,2,2
101,202,100,sqrt(3/10),11,2,2
111,100,212,sqrt(1/20),11,2,2
111,101,211,-sqrt(1/20),11,2,2
111,111,111,-sqrt(1/5),11,2,2
111,200,202,-sqrt(1/5),11,2,2
111,201,201,sqrt(1/5),11,2,2
111,202,200,-sqrt(1/5),11,2,2
111,211,101,-sqrt(1/20),11,2,2
111,212,100,sqrt(1/20),11,2,2
200,100,211,-sqrt(3/10),11,2,2
201,100,212,-sqrt(3/20),11,2,2
201,101,211,-sqrt(3/20),11,2,2
202,101,212,-sqrt(3/10),11,2,2
200,111,200,sqrt(1/5),11,2,2
201,111,201,sqrt(1/5),11,2,2
202,111,202,sqrt(1/5),11,2,2
200,200,111,sqrt(1/5),11,2,2
201,201,111,sqrt(1/5),11,2,2
202,202,111,sqrt(1/5),11,2,2
200,200,201,sqrt(0),11,2,2
200,201,200,sqrt(0),11,2,2
201,200,202,sqrt(0),11,2,2
201,201,201,sqrt(0),11,2,2
201,202,200,sqrt(0),11,2,2
202,201,202,sqrt(0),11,2,2
202,202,201,sqrt(0),11,2,2
200,211,100,-sqrt(3/10),11,2,2
201,211,101,-sqrt(3/20),11,2,2
201,212,100,-sqrt(3/20),11,2,2
202,212,101,-sqrt(3/10),11,2,2
211,111,211,-sqrt(1/20),11,2,2
212,111,212,-sqrt(1/20),11,2,2
211,200,212,sqrt(3/10),11,2,2
211,201,211,-sqrt(3/20),11,2,2
212,201,212,sqrt(3/20),11,2,2
212,202,211,-sqrt(3/10),11,2,2
211,211,111,-sqrt(1/20),11,2,2
212,212,111,-sqrt(1/20),11,2,2
211,211,201,-sqrt(3/20),11,2,2
211,212,200,sqrt(3/10),11,2,2
212,211,202,-sqrt(3/10),11,2,2
212,212,201,sqrt(3/20),11,2,2

Clebsch-Gordan coefficients for (1,1) x (1,1) -> (2,2), degeneracy 1:
200,100,100,sqrt(1),22,1,1
201,100,101,sqrt(1/2),22,1,1
201,101,100,sqrt(1/2),22,1,1
202,101,101,sqrt(1),22,1,1
211,100,111,sqrt(9/20),22,1,1
212,101,111,sqrt(9/20),22,1,1
211,100,201,sqrt(1/60),22,1,1
211,101,200,-sqrt(1/30),22,1,1
212,100,202,sqrt(1/30),22,1,1
212,101,201,-sqrt(1/60),22,1,1
211,111,100,sqrt(9/20),22,1,1
212,111,101,sqrt(9/20),22,1,1
211,200,101,-sqrt(1/30),22,1,1
211,201,100,sqrt(1/60),22,1,1
212,201,101,-sqrt(1/60),22,1,1
212,202,100,sqrt(1/30),22,1,1
222,100,212,sqrt(3/40),22,1,1
222,101,211,-sqrt(3/40),22,1,1
222,111,111,sqrt(27/40),22,1,1
222,200,202,-sqrt(1/120),22,1,1
222,201,201,sqrt(1/120),22,1,1
222,202,200,-sqrt(1/120),22,1,1
222,211,101,-sqrt(3/40),22,1,1
222,212,100,sqrt(3/40),22,1,1
300,100,200,sqrt(1/2),22,1,1
301,100,201,sqrt(1/3),22,1,1
301,101,200,sqrt(1/6),22,1,1
302,100,202,sqrt(1/6),22,1,1
302,101,201,sqrt(1/3),22,1,1
303,101,202,sqrt(1/2),22,1,1
300,200,100,sqrt(1/2),22,1,1
301,200,101,sqrt(1/6),22,1,1
301,201,100,sqrt(1/3),22,1,1
302,201,101,sqrt(1/3),22,1,1
302,202,100,sqrt(1/6),22,1,1
303,202,101,sqrt(1/2),22,1,1
311,100,211,sqrt(1/5),22,1,1
312,100,212,sqrt(1/10),22,1,1
312,101,211,sqrt(1/10),22,1,1
313,101,212,sqrt(1/5),22,1,1
311,111,200,sqrt(3/10),22,1,1
312,111,201,sqrt(3/10),22,1,1
313,111,202,sqrt(3/10),22,1,1
311,200,111,sqrt(3/10),22,1,1
312,201,111,sqrt(3/10),22,1,1
313,202,111,sqrt(3/10),22,1,1
311,200,201,sqrt(0),22,1,1
311,201,200,sqrt(0),22,1,1
312,200,202,sqrt(0),22,1,1
312,201,201,sqrt(0),22,1,1
312,202,200,sqrt(0),22,1,1
313,201,202,sqrt(0),22,1,1
313,202,201,sqrt(0),22,1,1
311,211,100,sqrt(1/5),22,1,1
312,211,101,sqrt(1/10),22,1,1
312,212,100,sqrt(1/10),22,1,1
313,212,101,sqrt(1/5),22,1,1
322,111,211,sqrt(9/20),22,1,1
323,111,212,sqrt(9/20),22,1,1
322,200,212,sqrt(1/30),22,1,1
322,201,211,-sqrt(1/60),22,1,1
323,201,212,sqrt(1/60),22,1,1
323,202,211,-sqrt(1/30),22,1,1
322,211,111,sqrt(9/20),22,1,1
323,212,111,sqrt(9/20),22,1,1
322,211,201,-sqrt(1/60),22,1,1
322,212,200,sqrt(1/30),22,1,1
323,211,202,-sqrt(1/30),22,1,1
323,212,201,sqrt(1/60),22,1,1
400,200,200,sqrt(1),22,1,1
401,200,201,sqrt(1/2),22,1,1
401,201,200,sqrt(1/2),22,1,1
402,200,202,sqrt(1/6),22,1,1
402,201,201,sqrt(2/3),22,1,1
402,202,200,sqrt(1/6),22,1,1
403,201,202,sqrt(1/2),22,1,1
403,202,201,sqrt(1/2),22,1,1
404,202,202,sqrt(1),22,1,1
411,200,211,sqrt(1/2),22,1,1
412,200,212,sqrt(1/6),22,1,1
412,201,211,sqrt(1/3),22,1,1
413,201,212,sqrt(1/3),22,1,1
413,202,211,sqrt(1/6),22,1,1
414,202,212,sqrt(1/2),22,1,1
411,211,200,sqrt(1/2),22,1,1
412,211,201,sqrt(1/3),22,1,1
412,212,200,sqrt(1/6),22,1,1
413,211,202,sqrt(1/6),22,1,1
413,212,201,sqrt(1/3),22,1,1
414,212,202,sqrt(1/2),22,1,1
422,211,211,sqrt(1),22,1,1
423,211,212,sqrt(1/2),22,1,1
423,212,211,sqrt(1/2),22,1,1
424,212,212,sqrt(1),22,1,1

Clebsch-Gordan coefficients for (1,1) x (1,1) -> (3,0), degeneracy 1:
000,100,101,-sqrt(1/2),30,1,1
000,101,100,sqrt(1/2),30,1,1
100,100,111,sqrt(1/4),30,1,1
101,101,111,sqrt(1/4),30,1,1
100,100,201,-sqrt(1/12),30,1,1
100,101,200,sqrt(1/6),30,1,1
101,100,202,-sqrt(1/6),30,1,1
101,101,201,sqrt(1/12),30,1,1
100,111,100,-sqrt(1/4),30,1,1
101,111,101,-sqrt(1/4),30,1,1
100,200,101,-sqrt(1/6),30,1,1
100,201,100,sqrt(1/12),30,1,1
101,201,101,-sqrt(1/12),30,1,1
101,202,100,sqrt(1/6),30,1,1
200,100,211,sqrt(1/6),30,1,1
201,100,212,sqrt(1/12),30,1,1
201,101,211,sqrt(1/12),30,1,1
202,101,212,sqrt(1/6),30,1,1
200,111,200,-sqrt(1/4),30,1,1
201,111,201,-sqrt(1/4),30,1,1
202,111,202,-sqrt(1/4),30,1,1
200,200,111,sqrt(1/4),30,1,1
201,201,111,sqrt(1/4),30,1,1
202,202,111,sqrt(1/4),30,1,1
200,200,201,-sqrt(1/12),30,1,1
200,201,200,sqrt(1/12),30,1,1
201,200,202,-sqrt(1/12),30,1,1
201,201,201,sqrt(0),30,1,1
201,202,200,sqrt(1/12),30,1,1
202,201,202,-sqrt(1/12),30,1,1
202,202,201,sqrt(1/12),30,1,1
200,211,100,-sqrt(1/6),30,1,1
201,211,101,-sqrt(1/12),30,1,1
201,212,100,-sqrt(1/12),30,1,1
202,212,101,-sqrt(1/6),30,1,1
300,200,211,sqrt(1/2),30,1,1
301,200,212,sqrt(1/6),30,1,1
301,201,211,sqrt(1/3),30,1,1
302,201,212,sqrt(1/3),30,1,1
302,202,211,sqrt(1/6),30,1,1
303,202,212,sqrt(1/2),30,1,1
300,211,200,-sqrt(1/2),30,1,1
301,211,201,-sqrt(1/3),30,1,1
301,212,200,-sqrt(1/6),30,1,1
302,211,202,-sqrt(1/6),30,1,1
302,212,201,-sqrt(1/3),30,1,1
303,212,202,-sqrt(1/2),30,1,1

