Clebsch-Gordan series:
(1,0) x (1,1) = (0,2) + (1,0) + (2,1)

Clebsch-Gordan coefficients for (1,0) x (1,1) -> (0,2), degeneracy 1:
200,000,200,-sqrt(1/2),02,1,1
201,000,201,-sqrt(1/2),02,1,1
202,000,202,-sqrt(1/2),02,1,1
200,100,100,sqrt(1/2),02,1,1
201,100,101,sqrt(1/4),02,1,1
201,101,100,sqrt(1/4),02,1,1
202,101,101,sqrt(1/2),02,1,1
211,000,211,-sqrt(1/4),02,1,1
212,000,212,-sqrt(1/4),02,1,1
211,100,111,sqrt(3/8),02,1,1
212,101,111,sqrt(3/8),02,1,1
211,100,201,sqrt(1/8),02,1,1
211,101,200,-sqrt(1/4),02,1,1
212,100,202,sqrt(1/4),02,1,1
212,101,201,-sqrt(1/8),02,1,1
222,100,212,sqrt(1/2),02,1,1
222,101,211,-sqrt(1/2),02,1,1

Clebsch-Gordan coefficients for (1,0) x (1,1) -> (1,0), degeneracy 1:
000,000,111,-sqrt(1/4),10,1,1
000,100,101,-sqrt(3/8),10,1,1
000,101,100,sqrt(3/8),10,1,1
100,000,211,-sqrt(3/8),10,1,1
101,000,212,-sqrt(3/8),10,1,1
100,100,111,sqrt(1/16),10,1,1
101,101,111,sqrt(1/16),10,1,1
100,100,201,-sqrt(3/16),10,1,1
100,101,200,sqrt(3/8),10,1,1
101,100,202,-sqrt(3/8),10,1,1
101,101,201,sqrt(3/16),10,1,1

Clebsch-Gordan coefficients for (1,0) x (1,1) -> (2,1), degeneracy 1:
100,000,100,sqrt(1),21,1,1
101,000,101,sqrt(1),21,1,1
111,000,111,sqrt(3/4),21,1,1
111,100,101,-sqrt(1/8),21,1,1
111,101,100,sqrt(1/8),21,1,1
200,000,200,sqrt(1/2),21,1,1
201,000,201,sqrt(1/2),21,1,1
202,000,202,sqrt(1/2),21,1,1
200,100,100,sqrt(1/2),21,1,1
201,100,101,sqrt(1/4),21,1,1
201,101,100,sqrt(1/4),21,1,1
202,101,101,sqrt(1/2),21,1,1
211,000,211,sqrt(3/8),21,1,1
212,000,212,sqrt(3/8),21,1,1
211,100,111,sqrt(9/16),21,1,1
212,101,111,sqrt(9/16),21,1,1
211,100,201,-sqrt(1/48),21,1,1
211,101,200,sqrt(1/24),21,1,1
212,100,202,-sqrt(1/24),21,1,1
212,101,201,sqrt(1/48),21,1,1
300,100,200,sqrt(1),21,1,1
301,100,201,sqrt(2/3),21,1,1
301,101,200,sqrt(1/3),21,1,1
302,100,202,sqrt(1/3),21,1,1
302,101,201,sqrt(2/3),21,1,1
303,101,202,sqrt(1),21,1,1
311,100,211,sqrt(1),21,1,1
312,100,212,sqrt(1/2),21,1,1
312,101,211,sqrt(1/2),21,1,1
313,101,212,sqrt(1),21,1,1

