Clebsch-Gordan series:
(1,1) x (1,1) = (0,0) + (0,3) + 2x(1,1) + (2,2) + (3,0)

Clebsch-Gordan coefficients for (1,1) x (1,1) -> (0,0), degeneracy 1:
    (0,0,0)  (1,0,0)  (2,1,2)  sqrt(1/8) (0,0,1)
     (0,0,0)  (1,0,1)  (2,1,1)  -sqrt(1/8) (0,0,1)
     (0,0,0)  (1,1,1)  (1,1,1)  -sqrt(1/8) (0,0,1)
     (0,0,0)  (2,0,0)  (2,0,2)  sqrt(1/8) (0,0,1)
     (0,0,0)  (2,0,1)  (2,0,1)  -sqrt(1/8) (0,0,1)
     (0,0,0)  (2,0,2)  (2,0,0)  sqrt(1/8) (0,0,1)
     (0,0,0)  (2,1,1)  (1,0,1)  -sqrt(1/8) (0,0,1)
     (0,0,0)  (2,1,2)  (1,0,0)  sqrt(1/8) (0,0,1)
 
Clebsch-Gordan coefficients for (1,1) x (1,1) -> (0,3), degeneracy 1:
    (3,0,0)  (1,0,0)  (2,0,0)  -sqrt(1/2) (0,3,1)
     (3,0,1)  (1,0,0)  (2,0,1)  -sqrt(1/3) (0,3,1)
     (3,0,1)  (1,0,1)  (2,0,0)  -sqrt(1/6) (0,3,1)
     (3,0,2)  (1,0,0)  (2,0,2)  -sqrt(1/6) (0,3,1)
     (3,0,2)  (1,0,1)  (2,0,1)  -sqrt(1/3) (0,3,1)
     (3,0,3)  (1,0,1)  (2,0,2)  -sqrt(1/2) (0,3,1)
     (3,0,0)  (2,0,0)  (1,0,0)  sqrt(1/2) (0,3,1)
     (3,0,1)  (2,0,0)  (1,0,1)  sqrt(1/6) (0,3,1)
     (3,0,1)  (2,0,1)  (1,0,0)  sqrt(1/3) (0,3,1)
     (3,0,2)  (2,0,1)  (1,0,1)  sqrt(1/3) (0,3,1)
     (3,0,2)  (2,0,2)  (1,0,0)  sqrt(1/6) (0,3,1)
     (3,0,3)  (2,0,2)  (1,0,1)  sqrt(1/2) (0,3,1)
     (3,1,1)  (1,0,0)  (2,1,1)  -sqrt(1/6) (0,3,1)
     (3,1,2)  (1,0,0)  (2,1,2)  -sqrt(1/12) (0,3,1)
     (3,1,2)  (1,0,1)  (2,1,1)  -sqrt(1/12) (0,3,1)
     (3,1,3)  (1,0,1)  (2,1,2)  -sqrt(1/6) (0,3,1)
     (3,1,1)  (1,1,1)  (2,0,0)  -sqrt(1/4) (0,3,1)
     (3,1,2)  (1,1,1)  (2,0,1)  -sqrt(1/4) (0,3,1)
     (3,1,3)  (1,1,1)  (2,0,2)  -sqrt(1/4) (0,3,1)
     (3,1,1)  (2,0,0)  (1,1,1)  sqrt(1/4) (0,3,1)
     (3,1,2)  (2,0,1)  (1,1,1)  sqrt(1/4) (0,3,1)
     (3,1,3)  (2,0,2)  (1,1,1)  sqrt(1/4) (0,3,1)
     (3,1,1)  (2,0,0)  (2,0,1)  sqrt(1/12) (0,3,1)
     (3,1,1)  (2,0,1)  (2,0,0)  -sqrt(1/12) (0,3,1)
     (3,1,2)  (2,0,0)  (2,0,2)  sqrt(1/12) (0,3,1)
     (3,1,2)  (2,0,1)  (2,0,1)  sqrt(0) (0,3,1)
     (3,1,2)  (2,0,2)  (2,0,0)  -sqrt(1/12) (0,3,1)
     (3,1,3)  (2,0,1)  (2,0,2)  sqrt(1/12) (0,3,1)
     (3,1,3)  (2,0,2)  (2,0,1)  -sqrt(1/12) (0,3,1)
     (3,1,1)  (2,1,1)  (1,0,0)  sqrt(1/6) (0,3,1)
     (3,1,2)  (2,1,1)  (1,0,1)  sqrt(1/12) (0,3,1)
     (3,1,2)  (2,1,2)  (1,0,0)  sqrt(1/12) (0,3,1)
     (3,1,3)  (2,1,2)  (1,0,1)  sqrt(1/6) (0,3,1)
     (3,2,2)  (1,1,1)  (2,1,1)  -sqrt(1/4) (0,3,1)
     (3,2,3)  (1,1,1)  (2,1,2)  -sqrt(1/4) (0,3,1)
     (3,2,2)  (2,0,0)  (2,1,2)  sqrt(1/6) (0,3,1)
     (3,2,2)  (2,0,1)  (2,1,1)  -sqrt(1/12) (0,3,1)
     (3,2,3)  (2,0,1)  (2,1,2)  sqrt(1/12) (0,3,1)
     (3,2,3)  (2,0,2)  (2,1,1)  -sqrt(1/6) (0,3,1)
     (3,2,2)  (2,1,1)  (1,1,1)  sqrt(1/4) (0,3,1)
     (3,2,3)  (2,1,2)  (1,1,1)  sqrt(1/4) (0,3,1)
     (3,2,2)  (2,1,1)  (2,0,1)  sqrt(1/12) (0,3,1)
     (3,2,2)  (2,1,2)  (2,0,0)  -sqrt(1/6) (0,3,1)
     (3,2,3)  (2,1,1)  (2,0,2)  sqrt(1/6) (0,3,1)
     (3,2,3)  (2,1,2)  (2,0,1)  -sqrt(1/12) (0,3,1)
     (3,3,3)  (2,1,1)  (2,1,2)  sqrt(1/2) (0,3,1)
     (3,3,3)  (2,1,2)  (2,1,1)  -sqrt(1/2) (0,3,1)
 
Clebsch-Gordan coefficients for (1,1) x (1,1) -> (1,1), degeneracy 2:
  Degenerate rep 1/2:
    (1,0,0)  (1,0,0)  (1,1,1)  -sqrt(1/4) (1,1,2)
     (1,0,1)  (1,0,1)  (1,1,1)  -sqrt(1/4) (1,1,2)
     (1,0,0)  (1,0,0)  (2,0,1)  -sqrt(1/12) (1,1,2)
     (1,0,0)  (1,0,1)  (2,0,0)  sqrt(1/6) (1,1,2)
     (1,0,1)  (1,0,0)  (2,0,2)  -sqrt(1/6) (1,1,2)
     (1,0,1)  (1,0,1)  (2,0,1)  sqrt(1/12) (1,1,2)
     (1,0,0)  (1,1,1)  (1,0,0)  sqrt(1/4) (1,1,2)
     (1,0,1)  (1,1,1)  (1,0,1)  sqrt(1/4) (1,1,2)
     (1,0,0)  (2,0,0)  (1,0,1)  -sqrt(1/6) (1,1,2)
     (1,0,0)  (2,0,1)  (1,0,0)  sqrt(1/12) (1,1,2)
     (1,0,1)  (2,0,1)  (1,0,1)  -sqrt(1/12) (1,1,2)
     (1,0,1)  (2,0,2)  (1,0,0)  sqrt(1/6) (1,1,2)
     (1,1,1)  (1,0,0)  (2,1,2)  -sqrt(1/4) (1,1,2)
     (1,1,1)  (1,0,1)  (2,1,1)  sqrt(1/4) (1,1,2)
     (1,1,1)  (1,1,1)  (1,1,1)  sqrt(0) (1,1,2)
     (1,1,1)  (2,0,0)  (2,0,2)  sqrt(0) (1,1,2)
     (1,1,1)  (2,0,1)  (2,0,1)  sqrt(0) (1,1,2)
     (1,1,1)  (2,0,2)  (2,0,0)  sqrt(0) (1,1,2)
     (1,1,1)  (2,1,1)  (1,0,1)  -sqrt(1/4) (1,1,2)
     (1,1,1)  (2,1,2)  (1,0,0)  sqrt(1/4) (1,1,2)
     (2,0,0)  (1,0,0)  (2,1,1)  -sqrt(1/6) (1,1,2)
     (2,0,1)  (1,0,0)  (2,1,2)  -sqrt(1/12) (1,1,2)
     (2,0,1)  (1,0,1)  (2,1,1)  -sqrt(1/12) (1,1,2)
     (2,0,2)  (1,0,1)  (2,1,2)  -sqrt(1/6) (1,1,2)
     (2,0,0)  (1,1,1)  (2,0,0)  sqrt(0) (1,1,2)
     (2,0,1)  (1,1,1)  (2,0,1)  sqrt(0) (1,1,2)
     (2,0,2)  (1,1,1)  (2,0,2)  sqrt(0) (1,1,2)
     (2,0,0)  (2,0,0)  (1,1,1)  sqrt(0) (1,1,2)
     (2,0,1)  (2,0,1)  (1,1,1)  sqrt(0) (1,1,2)
     (2,0,2)  (2,0,2)  (1,1,1)  sqrt(0) (1,1,2)
     (2,0,0)  (2,0,0)  (2,0,1)  -sqrt(1/3) (1,1,2)
     (2,0,0)  (2,0,1)  (2,0,0)  sqrt(1/3) (1,1,2)
     (2,0,1)  (2,0,0)  (2,0,2)  -sqrt(1/3) (1,1,2)
     (2,0,1)  (2,0,1)  (2,0,1)  sqrt(0) (1,1,2)
     (2,0,1)  (2,0,2)  (2,0,0)  sqrt(1/3) (1,1,2)
     (2,0,2)  (2,0,1)  (2,0,2)  -sqrt(1/3) (1,1,2)
     (2,0,2)  (2,0,2)  (2,0,1)  sqrt(1/3) (1,1,2)
     (2,0,0)  (2,1,1)  (1,0,0)  sqrt(1/6) (1,1,2)
     (2,0,1)  (2,1,1)  (1,0,1)  sqrt(1/12) (1,1,2)
     (2,0,1)  (2,1,2)  (1,0,0)  sqrt(1/12) (1,1,2)
     (2,0,2)  (2,1,2)  (1,0,1)  sqrt(1/6) (1,1,2)
     (2,1,1)  (1,1,1)  (2,1,1)  -sqrt(1/4) (1,1,2)
     (2,1,2)  (1,1,1)  (2,1,2)  -sqrt(1/4) (1,1,2)
     (2,1,1)  (2,0,0)  (2,1,2)  -sqrt(1/6) (1,1,2)
     (2,1,1)  (2,0,1)  (2,1,1)  sqrt(1/12) (1,1,2)
     (2,1,2)  (2,0,1)  (2,1,2)  -sqrt(1/12) (1,1,2)
     (2,1,2)  (2,0,2)  (2,1,1)  sqrt(1/6) (1,1,2)
     (2,1,1)  (2,1,1)  (1,1,1)  sqrt(1/4) (1,1,2)
     (2,1,2)  (2,1,2)  (1,1,1)  sqrt(1/4) (1,1,2)
     (2,1,1)  (2,1,1)  (2,0,1)  -sqrt(1/12) (1,1,2)
     (2,1,1)  (2,1,2)  (2,0,0)  sqrt(1/6) (1,1,2)
     (2,1,2)  (2,1,1)  (2,0,2)  -sqrt(1/6) (1,1,2)
     (2,1,2)  (2,1,2)  (2,0,1)  sqrt(1/12) (1,1,2)
 
  Degenerate rep 2/2:
    (1,0,0)  (1,0,0)  (1,1,1)  -sqrt(1/20) (1,1,2)
     (1,0,1)  (1,0,1)  (1,1,1)  -sqrt(1/20) (1,1,2)
     (1,0,0)  (1,0,0)  (2,0,1)  sqrt(3/20) (1,1,2)
     (1,0,0)  (1,0,1)  (2,0,0)  -sqrt(3/10) (1,1,2)
     (1,0,1)  (1,0,0)  (2,0,2)  sqrt(3/10) (1,1,2)
     (1,0,1)  (1,0,1)  (2,0,1)  -sqrt(3/20) (1,1,2)
     (1,0,0)  (1,1,1)  (1,0,0)  -sqrt(1/20) (1,1,2)
     (1,0,1)  (1,1,1)  (1,0,1)  -sqrt(1/20) (1,1,2)
     (1,0,0)  (2,0,0)  (1,0,1)  -sqrt(3/10) (1,1,2)
     (1,0,0)  (2,0,1)  (1,0,0)  sqrt(3/20) (1,1,2)
     (1,0,1)  (2,0,1)  (1,0,1)  -sqrt(3/20) (1,1,2)
     (1,0,1)  (2,0,2)  (1,0,0)  sqrt(3/10) (1,1,2)
     (1,1,1)  (1,0,0)  (2,1,2)  sqrt(1/20) (1,1,2)
     (1,1,1)  (1,0,1)  (2,1,1)  -sqrt(1/20) (1,1,2)
     (1,1,1)  (1,1,1)  (1,1,1)  -sqrt(1/5) (1,1,2)
     (1,1,1)  (2,0,0)  (2,0,2)  -sqrt(1/5) (1,1,2)
     (1,1,1)  (2,0,1)  (2,0,1)  sqrt(1/5) (1,1,2)
     (1,1,1)  (2,0,2)  (2,0,0)  -sqrt(1/5) (1,1,2)
     (1,1,1)  (2,1,1)  (1,0,1)  -sqrt(1/20) (1,1,2)
     (1,1,1)  (2,1,2)  (1,0,0)  sqrt(1/20) (1,1,2)
     (2,0,0)  (1,0,0)  (2,1,1)  -sqrt(3/10) (1,1,2)
     (2,0,1)  (1,0,0)  (2,1,2)  -sqrt(3/20) (1,1,2)
     (2,0,1)  (1,0,1)  (2,1,1)  -sqrt(3/20) (1,1,2)
     (2,0,2)  (1,0,1)  (2,1,2)  -sqrt(3/10) (1,1,2)
     (2,0,0)  (1,1,1)  (2,0,0)  sqrt(1/5) (1,1,2)
     (2,0,1)  (1,1,1)  (2,0,1)  sqrt(1/5) (1,1,2)
     (2,0,2)  (1,1,1)  (2,0,2)  sqrt(1/5) (1,1,2)
     (2,0,0)  (2,0,0)  (1,1,1)  sqrt(1/5) (1,1,2)
     (2,0,1)  (2,0,1)  (1,1,1)  sqrt(1/5) (1,1,2)
     (2,0,2)  (2,0,2)  (1,1,1)  sqrt(1/5) (1,1,2)
     (2,0,0)  (2,0,0)  (2,0,1)  sqrt(0) (1,1,2)
     (2,0,0)  (2,0,1)  (2,0,0)  sqrt(0) (1,1,2)
     (2,0,1)  (2,0,0)  (2,0,2)  sqrt(0) (1,1,2)
     (2,0,1)  (2,0,1)  (2,0,1)  sqrt(0) (1,1,2)
     (2,0,1)  (2,0,2)  (2,0,0)  sqrt(0) (1,1,2)
     (2,0,2)  (2,0,1)  (2,0,2)  sqrt(0) (1,1,2)
     (2,0,2)  (2,0,2)  (2,0,1)  sqrt(0) (1,1,2)
     (2,0,0)  (2,1,1)  (1,0,0)  -sqrt(3/10) (1,1,2)
     (2,0,1)  (2,1,1)  (1,0,1)  -sqrt(3/20) (1,1,2)
     (2,0,1)  (2,1,2)  (1,0,0)  -sqrt(3/20) (1,1,2)
     (2,0,2)  (2,1,2)  (1,0,1)  -sqrt(3/10) (1,1,2)
     (2,1,1)  (1,1,1)  (2,1,1)  -sqrt(1/20) (1,1,2)
     (2,1,2)  (1,1,1)  (2,1,2)  -sqrt(1/20) (1,1,2)
     (2,1,1)  (2,0,0)  (2,1,2)  sqrt(3/10) (1,1,2)
     (2,1,1)  (2,0,1)  (2,1,1)  -sqrt(3/20) (1,1,2)
     (2,1,2)  (2,0,1)  (2,1,2)  sqrt(3/20) (1,1,2)
     (2,1,2)  (2,0,2)  (2,1,1)  -sqrt(3/10) (1,1,2)
     (2,1,1)  (2,1,1)  (1,1,1)  -sqrt(1/20) (1,1,2)
     (2,1,2)  (2,1,2)  (1,1,1)  -sqrt(1/20) (1,1,2)
     (2,1,1)  (2,1,1)  (2,0,1)  -sqrt(3/20) (1,1,2)
     (2,1,1)  (2,1,2)  (2,0,0)  sqrt(3/10) (1,1,2)
     (2,1,2)  (2,1,1)  (2,0,2)  -sqrt(3/10) (1,1,2)
     (2,1,2)  (2,1,2)  (2,0,1)  sqrt(3/20) (1,1,2)
 
Clebsch-Gordan coefficients for (1,1) x (1,1) -> (2,2), degeneracy 1:
    (2,0,0)  (1,0,0)  (1,0,0)  sqrt(1) (2,2,1)
     (2,0,1)  (1,0,0)  (1,0,1)  sqrt(1/2) (2,2,1)
     (2,0,1)  (1,0,1)  (1,0,0)  sqrt(1/2) (2,2,1)
     (2,0,2)  (1,0,1)  (1,0,1)  sqrt(1) (2,2,1)
     (2,1,1)  (1,0,0)  (1,1,1)  sqrt(9/20) (2,2,1)
     (2,1,2)  (1,0,1)  (1,1,1)  sqrt(9/20) (2,2,1)
     (2,1,1)  (1,0,0)  (2,0,1)  sqrt(1/60) (2,2,1)
     (2,1,1)  (1,0,1)  (2,0,0)  -sqrt(1/30) (2,2,1)
     (2,1,2)  (1,0,0)  (2,0,2)  sqrt(1/30) (2,2,1)
     (2,1,2)  (1,0,1)  (2,0,1)  -sqrt(1/60) (2,2,1)
     (2,1,1)  (1,1,1)  (1,0,0)  sqrt(9/20) (2,2,1)
     (2,1,2)  (1,1,1)  (1,0,1)  sqrt(9/20) (2,2,1)
     (2,1,1)  (2,0,0)  (1,0,1)  -sqrt(1/30) (2,2,1)
     (2,1,1)  (2,0,1)  (1,0,0)  sqrt(1/60) (2,2,1)
     (2,1,2)  (2,0,1)  (1,0,1)  -sqrt(1/60) (2,2,1)
     (2,1,2)  (2,0,2)  (1,0,0)  sqrt(1/30) (2,2,1)
     (2,2,2)  (1,0,0)  (2,1,2)  sqrt(3/40) (2,2,1)
     (2,2,2)  (1,0,1)  (2,1,1)  -sqrt(3/40) (2,2,1)
     (2,2,2)  (1,1,1)  (1,1,1)  sqrt(27/40) (2,2,1)
     (2,2,2)  (2,0,0)  (2,0,2)  -sqrt(1/120) (2,2,1)
     (2,2,2)  (2,0,1)  (2,0,1)  sqrt(1/120) (2,2,1)
     (2,2,2)  (2,0,2)  (2,0,0)  -sqrt(1/120) (2,2,1)
     (2,2,2)  (2,1,1)  (1,0,1)  -sqrt(3/40) (2,2,1)
     (2,2,2)  (2,1,2)  (1,0,0)  sqrt(3/40) (2,2,1)
     (3,0,0)  (1,0,0)  (2,0,0)  sqrt(1/2) (2,2,1)
     (3,0,1)  (1,0,0)  (2,0,1)  sqrt(1/3) (2,2,1)
     (3,0,1)  (1,0,1)  (2,0,0)  sqrt(1/6) (2,2,1)
     (3,0,2)  (1,0,0)  (2,0,2)  sqrt(1/6) (2,2,1)
     (3,0,2)  (1,0,1)  (2,0,1)  sqrt(1/3) (2,2,1)
     (3,0,3)  (1,0,1)  (2,0,2)  sqrt(1/2) (2,2,1)
     (3,0,0)  (2,0,0)  (1,0,0)  sqrt(1/2) (2,2,1)
     (3,0,1)  (2,0,0)  (1,0,1)  sqrt(1/6) (2,2,1)
     (3,0,1)  (2,0,1)  (1,0,0)  sqrt(1/3) (2,2,1)
     (3,0,2)  (2,0,1)  (1,0,1)  sqrt(1/3) (2,2,1)
     (3,0,2)  (2,0,2)  (1,0,0)  sqrt(1/6) (2,2,1)
     (3,0,3)  (2,0,2)  (1,0,1)  sqrt(1/2) (2,2,1)
     (3,1,1)  (1,0,0)  (2,1,1)  sqrt(1/5) (2,2,1)
     (3,1,2)  (1,0,0)  (2,1,2)  sqrt(1/10) (2,2,1)
     (3,1,2)  (1,0,1)  (2,1,1)  sqrt(1/10) (2,2,1)
     (3,1,3)  (1,0,1)  (2,1,2)  sqrt(1/5) (2,2,1)
     (3,1,1)  (1,1,1)  (2,0,0)  sqrt(3/10) (2,2,1)
     (3,1,2)  (1,1,1)  (2,0,1)  sqrt(3/10) (2,2,1)
     (3,1,3)  (1,1,1)  (2,0,2)  sqrt(3/10) (2,2,1)
     (3,1,1)  (2,0,0)  (1,1,1)  sqrt(3/10) (2,2,1)
     (3,1,2)  (2,0,1)  (1,1,1)  sqrt(3/10) (2,2,1)
     (3,1,3)  (2,0,2)  (1,1,1)  sqrt(3/10) (2,2,1)
     (3,1,1)  (2,0,0)  (2,0,1)  sqrt(0) (2,2,1)
     (3,1,1)  (2,0,1)  (2,0,0)  sqrt(0) (2,2,1)
     (3,1,2)  (2,0,0)  (2,0,2)  sqrt(0) (2,2,1)
     (3,1,2)  (2,0,1)  (2,0,1)  sqrt(0) (2,2,1)
     (3,1,2)  (2,0,2)  (2,0,0)  sqrt(0) (2,2,1)
     (3,1,3)  (2,0,1)  (2,0,2)  sqrt(0) (2,2,1)
     (3,1,3)  (2,0,2)  (2,0,1)  sqrt(0) (2,2,1)
     (3,1,1)  (2,1,1)  (1,0,0)  sqrt(1/5) (2,2,1)
     (3,1,2)  (2,1,1)  (1,0,1)  sqrt(1/10) (2,2,1)
     (3,1,2)  (2,1,2)  (1,0,0)  sqrt(1/10) (2,2,1)
     (3,1,3)  (2,1,2)  (1,0,1)  sqrt(1/5) (2,2,1)
     (3,2,2)  (1,1,1)  (2,1,1)  sqrt(9/20) (2,2,1)
     (3,2,3)  (1,1,1)  (2,1,2)  sqrt(9/20) (2,2,1)
     (3,2,2)  (2,0,0)  (2,1,2)  sqrt(1/30) (2,2,1)
     (3,2,2)  (2,0,1)  (2,1,1)  -sqrt(1/60) (2,2,1)
     (3,2,3)  (2,0,1)  (2,1,2)  sqrt(1/60) (2,2,1)
     (3,2,3)  (2,0,2)  (2,1,1)  -sqrt(1/30) (2,2,1)
     (3,2,2)  (2,1,1)  (1,1,1)  sqrt(9/20) (2,2,1)
     (3,2,3)  (2,1,2)  (1,1,1)  sqrt(9/20) (2,2,1)
     (3,2,2)  (2,1,1)  (2,0,1)  -sqrt(1/60) (2,2,1)
     (3,2,2)  (2,1,2)  (2,0,0)  sqrt(1/30) (2,2,1)
     (3,2,3)  (2,1,1)  (2,0,2)  -sqrt(1/30) (2,2,1)
     (3,2,3)  (2,1,2)  (2,0,1)  sqrt(1/60) (2,2,1)
     (4,0,0)  (2,0,0)  (2,0,0)  sqrt(1) (2,2,1)
     (4,0,1)  (2,0,0)  (2,0,1)  sqrt(1/2) (2,2,1)
     (4,0,1)  (2,0,1)  (2,0,0)  sqrt(1/2) (2,2,1)
     (4,0,2)  (2,0,0)  (2,0,2)  sqrt(1/6) (2,2,1)
     (4,0,2)  (2,0,1)  (2,0,1)  sqrt(2/3) (2,2,1)
     (4,0,2)  (2,0,2)  (2,0,0)  sqrt(1/6) (2,2,1)
     (4,0,3)  (2,0,1)  (2,0,2)  sqrt(1/2) (2,2,1)
     (4,0,3)  (2,0,2)  (2,0,1)  sqrt(1/2) (2,2,1)
     (4,0,4)  (2,0,2)  (2,0,2)  sqrt(1) (2,2,1)
     (4,1,1)  (2,0,0)  (2,1,1)  sqrt(1/2) (2,2,1)
     (4,1,2)  (2,0,0)  (2,1,2)  sqrt(1/6) (2,2,1)
     (4,1,2)  (2,0,1)  (2,1,1)  sqrt(1/3) (2,2,1)
     (4,1,3)  (2,0,1)  (2,1,2)  sqrt(1/3) (2,2,1)
     (4,1,3)  (2,0,2)  (2,1,1)  sqrt(1/6) (2,2,1)
     (4,1,4)  (2,0,2)  (2,1,2)  sqrt(1/2) (2,2,1)
     (4,1,1)  (2,1,1)  (2,0,0)  sqrt(1/2) (2,2,1)
     (4,1,2)  (2,1,1)  (2,0,1)  sqrt(1/3) (2,2,1)
     (4,1,2)  (2,1,2)  (2,0,0)  sqrt(1/6) (2,2,1)
     (4,1,3)  (2,1,1)  (2,0,2)  sqrt(1/6) (2,2,1)
     (4,1,3)  (2,1,2)  (2,0,1)  sqrt(1/3) (2,2,1)
     (4,1,4)  (2,1,2)  (2,0,2)  sqrt(1/2) (2,2,1)
     (4,2,2)  (2,1,1)  (2,1,1)  sqrt(1) (2,2,1)
     (4,2,3)  (2,1,1)  (2,1,2)  sqrt(1/2) (2,2,1)
     (4,2,3)  (2,1,2)  (2,1,1)  sqrt(1/2) (2,2,1)
     (4,2,4)  (2,1,2)  (2,1,2)  sqrt(1) (2,2,1)
 
Clebsch-Gordan coefficients for (1,1) x (1,1) -> (3,0), degeneracy 1:
    (0,0,0)  (1,0,0)  (1,0,1)  -sqrt(1/2) (3,0,1)
     (0,0,0)  (1,0,1)  (1,0,0)  sqrt(1/2) (3,0,1)
     (1,0,0)  (1,0,0)  (1,1,1)  sqrt(1/4) (3,0,1)
     (1,0,1)  (1,0,1)  (1,1,1)  sqrt(1/4) (3,0,1)
     (1,0,0)  (1,0,0)  (2,0,1)  -sqrt(1/12) (3,0,1)
     (1,0,0)  (1,0,1)  (2,0,0)  sqrt(1/6) (3,0,1)
     (1,0,1)  (1,0,0)  (2,0,2)  -sqrt(1/6) (3,0,1)
     (1,0,1)  (1,0,1)  (2,0,1)  sqrt(1/12) (3,0,1)
     (1,0,0)  (1,1,1)  (1,0,0)  -sqrt(1/4) (3,0,1)
     (1,0,1)  (1,1,1)  (1,0,1)  -sqrt(1/4) (3,0,1)
     (1,0,0)  (2,0,0)  (1,0,1)  -sqrt(1/6) (3,0,1)
     (1,0,0)  (2,0,1)  (1,0,0)  sqrt(1/12) (3,0,1)
     (1,0,1)  (2,0,1)  (1,0,1)  -sqrt(1/12) (3,0,1)
     (1,0,1)  (2,0,2)  (1,0,0)  sqrt(1/6) (3,0,1)
     (2,0,0)  (1,0,0)  (2,1,1)  sqrt(1/6) (3,0,1)
     (2,0,1)  (1,0,0)  (2,1,2)  sqrt(1/12) (3,0,1)
     (2,0,1)  (1,0,1)  (2,1,1)  sqrt(1/12) (3,0,1)
     (2,0,2)  (1,0,1)  (2,1,2)  sqrt(1/6) (3,0,1)
     (2,0,0)  (1,1,1)  (2,0,0)  -sqrt(1/4) (3,0,1)
     (2,0,1)  (1,1,1)  (2,0,1)  -sqrt(1/4) (3,0,1)
     (2,0,2)  (1,1,1)  (2,0,2)  -sqrt(1/4) (3,0,1)
     (2,0,0)  (2,0,0)  (1,1,1)  sqrt(1/4) (3,0,1)
     (2,0,1)  (2,0,1)  (1,1,1)  sqrt(1/4) (3,0,1)
     (2,0,2)  (2,0,2)  (1,1,1)  sqrt(1/4) (3,0,1)
     (2,0,0)  (2,0,0)  (2,0,1)  -sqrt(1/12) (3,0,1)
     (2,0,0)  (2,0,1)  (2,0,0)  sqrt(1/12) (3,0,1)
     (2,0,1)  (2,0,0)  (2,0,2)  -sqrt(1/12) (3,0,1)
     (2,0,1)  (2,0,1)  (2,0,1)  sqrt(0) (3,0,1)
     (2,0,1)  (2,0,2)  (2,0,0)  sqrt(1/12) (3,0,1)
     (2,0,2)  (2,0,1)  (2,0,2)  -sqrt(1/12) (3,0,1)
     (2,0,2)  (2,0,2)  (2,0,1)  sqrt(1/12) (3,0,1)
     (2,0,0)  (2,1,1)  (1,0,0)  -sqrt(1/6) (3,0,1)
     (2,0,1)  (2,1,1)  (1,0,1)  -sqrt(1/12) (3,0,1)
     (2,0,1)  (2,1,2)  (1,0,0)  -sqrt(1/12) (3,0,1)
     (2,0,2)  (2,1,2)  (1,0,1)  -sqrt(1/6) (3,0,1)
     (3,0,0)  (2,0,0)  (2,1,1)  sqrt(1/2) (3,0,1)
     (3,0,1)  (2,0,0)  (2,1,2)  sqrt(1/6) (3,0,1)
     (3,0,1)  (2,0,1)  (2,1,1)  sqrt(1/3) (3,0,1)
     (3,0,2)  (2,0,1)  (2,1,2)  sqrt(1/3) (3,0,1)
     (3,0,2)  (2,0,2)  (2,1,1)  sqrt(1/6) (3,0,1)
     (3,0,3)  (2,0,2)  (2,1,2)  sqrt(1/2) (3,0,1)
     (3,0,0)  (2,1,1)  (2,0,0)  -sqrt(1/2) (3,0,1)
     (3,0,1)  (2,1,1)  (2,0,1)  -sqrt(1/3) (3,0,1)
     (3,0,1)  (2,1,2)  (2,0,0)  -sqrt(1/6) (3,0,1)
     (3,0,2)  (2,1,1)  (2,0,2)  -sqrt(1/6) (3,0,1)
     (3,0,2)  (2,1,2)  (2,0,1)  -sqrt(1/3) (3,0,1)
     (3,0,3)  (2,1,2)  (2,0,2)  -sqrt(1/2) (3,0,1)
 
